ID,G,GS,CG,ShO,W,L,SV,BS,HO,IP,BF,AB,H,D,T,HR,BB,HP,ER,R,K
6725,31,31,0,0,13,10,0,0,0,204,0,0,180,0,0,18,44,0,74,82,180,LWebb
2831,31,31,0,0,13,8,0,0,0,196,0,0,167,0,0,25,51,0,79,85,203,ZWheeler
2660,31,31,0,0,13,9,0,0,0,196,0,0,163,0,0,26,48,0,79,85,213,GCole
6448,32,32,0,0,13,8,0,0,0,195,0,0,159,0,0,25,52,0,74,80,201,ZGallen
5137,31,31,0,0,12,10,0,0,0,193,0,0,155,0,0,24,63,0,76,83,201,LCastillo
6227,31,31,0,0,13,8,0,0,0,192,0,0,161,0,0,23,46,0,74,81,210,PLopez
6208,31,31,0,0,12,10,0,0,0,191,0,0,160,0,0,24,59,0,79,86,199,CBurnes
6407,29,29,0,0,14,8,0,0,0,191,0,0,160,0,0,16,53,0,70,77,184,FValdez
4916,29,29,0,0,12,9,0,0,0,188,0,0,163,0,0,25,44,0,79,86,188,ANola
6531,31,31,0,0,11,10,0,0,0,188,0,0,162,0,0,26,42,0,78,84,184,LGilbert
7491,32,32,0,0,14,6,0,0,0,184,0,0,133,0,0,23,59,0,69,74,256,SStrider
4053,29,29,0,0,12,9,0,0,0,184,0,0,155,0,0,22,47,0,73,79,206,KGausman
4773,28,28,0,0,11,9,0,0,0,182,0,0,156,0,0,24,54,0,77,84,171,CBassitt
4464,29,29,0,0,11,10,0,0,0,182,0,0,160,0,0,23,52,0,81,88,172,JBerrios
8132,28,28,0,0,14,6,0,0,0,180,0,0,140,0,0,17,54,0,61,66,192,YYamamoto
4802,29,29,0,0,11,9,0,0,0,180,0,0,154,0,0,23,66,0,76,82,171,MKelly
2044,29,29,0,0,10,10,0,0,0,179,0,0,150,0,0,25,50,0,76,82,178,YDarvish
5144,29,29,0,0,10,10,0,0,0,179,0,0,166,0,0,22,56,0,85,92,182,MKeller
5708,31,31,0,0,9,11,0,0,0,179,0,0,148,0,0,24,75,0,84,90,206,DCease
7041,29,29,0,0,11,9,0,0,0,178,0,0,158,0,0,21,24,0,70,76,168,JGKirby
4194,31,31,0,0,13,7,0,0,0,176,0,0,157,0,0,18,45,0,69,75,162,MFried
2705,28,28,0,0,10,9,0,0,0,174,0,0,168,0,0,22,53,0,84,91,142,KGibson
6086,28,28,0,0,10,9,0,0,0,172,0,0,148,0,0,20,48,0,68,75,165,SBieber
5406,29,29,0,0,10,9,0,0,0,172,0,0,146,0,0,21,43,0,69,75,165,JMusgrove
6497,28,28,0,0,9,10,0,0,0,172,0,0,168,0,0,21,48,0,86,94,156,BSinger
3809,28,28,0,0,11,8,0,0,0,169,0,0,150,0,0,21,48,0,72,78,161,NEovaldi
7482,30,30,0,0,11,8,0,0,0,169,0,0,143,0,0,19,51,0,68,74,164,KBradish
6703,29,29,0,0,11,8,0,0,0,169,0,0,152,0,0,17,48,0,70,76,168,JSteele
3895,28,28,0,0,10,9,0,0,0,168,0,0,164,0,0,25,42,0,81,88,118,MMikolas
61,29,29,0,0,11,8,0,0,0,167,0,0,146,0,0,22,67,0,80,87,175,CMorton
5888,24,24,0,0,10,8,0,0,0,167,0,0,142,0,0,26,58,0,77,83,194,NPivetta
4445,29,29,0,0,10,9,0,0,0,167,0,0,150,0,0,23,58,0,80,87,160,JGray
4040,28,28,0,0,9,9,0,0,0,166,0,0,151,0,0,26,68,0,87,94,177,LGiolito
5973,28,28,0,0,9,9,0,0,0,166,0,0,160,0,0,22,55,0,81,89,142,DDunning
6585,28,28,0,0,10,9,0,0,0,165,0,0,130,0,0,19,76,0,68,74,183,KSenga
2676,26,26,0,0,8,10,0,0,0,165,0,0,175,0,0,23,59,0,91,98,124,MartPerez
4137,28,28,0,0,10,8,0,0,0,165,0,0,147,0,0,17,57,0,70,77,147,MStroman
4105,29,29,0,0,11,7,0,0,0,164,0,0,141,0,0,19,26,0,62,67,159,ZEflin
5521,31,31,0,0,10,8,0,0,0,164,0,0,126,0,0,22,61,0,66,71,196,FPeralta
504,29,29,0,0,11,7,0,0,0,162,0,0,134,0,0,21,42,0,64,69,152,JVerlander
3633,28,28,0,0,11,8,0,0,0,162,0,0,142,0,0,19,56,0,69,75,154,SGray
6224,29,29,0,0,10,8,0,0,0,162,0,0,136,0,0,21,52,0,70,75,178,JLuzardo
4443,23,23,0,0,9,9,0,0,0,162,0,0,146,0,0,23,54,0,76,82,162,SManaea
5121,28,28,0,0,8,9,0,0,0,159,0,0,148,0,0,21,49,0,74,80,150,EFedde
7865,28,28,0,0,9,8,0,0,0,159,0,0,152,0,0,18,54,0,74,82,146,BBello
6308,29,29,0,0,9,8,0,0,0,158,0,0,145,0,0,17,66,0,73,80,141,RSuarez
6606,31,31,0,0,10,8,0,0,0,157,0,0,128,0,0,19,55,0,63,69,163,GRodriguez
7276,28,28,0,0,10,8,0,0,0,157,0,0,133,0,0,24,42,0,73,78,174,JRyan
2919,26,26,0,0,9,9,0,0,0,157,0,0,144,0,0,25,51,0,79,85,150,LLynn
7892,28,28,0,0,7,10,0,0,0,157,0,0,140,0,0,25,46,0,77,82,147,JSears
4950,28,28,0,0,7,10,0,0,0,156,0,0,177,0,0,25,47,0,96,104,107,KFreeland
3796,26,26,0,0,9,8,0,0,0,155,0,0,141,0,0,21,56,0,74,81,129,TWalker
6454,29,29,0,0,9,8,0,0,0,154,0,0,131,0,0,22,52,0,68,74,161,YKikuchi
4404,28,28,0,0,9,8,0,0,0,154,0,0,136,0,0,19,55,0,66,72,142,ERodriguez
8166,28,28,0,0,9,9,0,0,0,153,0,0,131,0,0,20,50,0,66,71,148,TBibee
5807,29,29,0,0,9,8,0,0,0,152,0,0,142,0,0,18,38,0,68,74,141,BGarrett
7056,26,26,0,0,6,11,0,0,0,152,0,0,142,0,0,27,71,0,86,92,140,JGray
7987,26,26,0,0,10,7,0,0,0,152,0,0,141,0,0,19,58,0,72,79,125,BElder
7089,29,29,0,0,9,8,0,0,0,152,0,0,121,0,0,25,57,0,69,74,161,CJavier
5797,28,28,0,0,7,10,0,0,0,150,0,0,166,0,0,24,45,0,90,97,108,CQuantrill
3339,24,24,0,0,6,11,0,0,0,150,0,0,160,0,0,24,56,0,88,96,115,PCorbin
4620,28,28,0,0,8,8,0,0,0,150,0,0,152,0,0,21,36,0,76,82,111,KHendricks
7077,29,29,0,0,9,7,0,0,0,149,0,0,123,0,0,17,39,0,59,64,169,TSkubal
7592,26,26,0,0,9,7,0,0,0,148,0,0,128,0,0,18,58,0,66,73,160,HBrown
4437,28,28,0,0,9,7,0,0,0,147,0,0,118,0,0,21,48,0,64,68,163,CRodon
3678,24,24,0,0,8,9,0,0,0,147,0,0,141,0,0,21,46,0,75,81,124,TyAnderson
8135,29,29,0,0,8,8,0,0,0,147,0,0,134,0,0,23,62,0,76,81,159,AAbbott
6641,24,24,0,0,8,9,0,0,0,146,0,0,134,0,0,16,70,0,73,79,135,PSandoval
8585,23,23,0,0,9,8,0,0,0,146,0,0,128,0,0,22,48,0,68,73,153,SImanaga
4146,29,29,0,0,8,8,0,0,0,145,0,0,134,0,0,23,50,0,74,80,147,AHeaney
6817,24,24,0,0,8,9,0,0,0,145,0,0,133,0,0,21,48,0,70,76,128,DKremer
7335,26,26,0,0,8,8,0,0,0,144,0,0,128,0,0,20,53,0,72,77,147,RDetmers
5734,28,28,0,0,8,8,0,0,0,144,0,0,111,0,0,22,53,0,61,65,150,TMcKenzie
3202,24,24,0,0,8,8,0,0,0,144,0,0,139,0,0,22,40,0,73,78,126,JTaillon
8119,24,24,0,0,8,8,0,0,0,143,0,0,133,0,0,25,40,0,71,76,134,PPfaadt
7533,28,28,0,0,9,7,0,0,0,142,0,0,128,0,0,23,35,0,66,71,138,BOber
7705,26,26,0,0,7,9,0,0,0,142,0,0,125,0,0,19,57,0,67,72,138,LAllen
7748,23,23,0,0,7,8,0,0,0,140,0,0,143,0,0,18,50,0,75,82,109,GAshcraft
7824,28,28,0,0,8,8,0,0,0,139,0,0,113,0,0,18,55,0,60,65,138,GWilliams
7036,24,24,0,0,8,8,0,0,0,139,0,0,116,0,0,19,51,0,65,70,132,AManoah
7061,26,26,0,0,8,7,0,0,0,138,0,0,120,0,0,17,34,0,59,64,128,ACivale
7380,26,26,0,0,10,6,0,0,0,137,0,0,118,0,0,17,39,0,57,62,128,BMiller
6193,28,28,0,0,8,8,0,0,0,137,0,0,130,0,0,18,41,0,67,73,125,CSchmidt
8326,24,19,0,0,7,8,0,0,0,137,0,0,126,0,0,16,47,0,63,69,119,KWinn
8136,28,28,0,0,7,9,0,0,0,137,0,0,126,0,0,18,53,0,70,76,136,ROlson
6084,26,26,0,0,7,8,0,0,0,136,0,0,124,0,0,22,48,0,72,77,149,HGreene
3839,24,24,0,0,7,8,0,0,0,135,0,0,126,0,0,16,50,0,64,69,112,JQuintana
2695,21,21,0,0,6,9,0,0,0,135,0,0,140,0,0,23,35,0,77,83,106,JLyles
2622,24,24,0,0,7,8,0,0,0,134,0,0,130,0,0,18,49,0,66,71,98,WMiley
4541,24,24,0,0,8,7,0,0,0,133,0,0,127,0,0,17,39,0,62,66,120,SMatz
5103,24,24,0,0,6,9,0,0,0,133,0,0,125,0,0,18,54,0,70,76,130,JFlaherty
8283,25,19,0,0,8,7,0,0,0,133,0,0,126,0,0,18,40,0,64,69,128,LVarland
7134,24,24,0,0,8,6,0,0,0,132,0,0,121,0,0,15,41,0,59,64,115,CSanchez
4628,24,24,0,0,6,9,0,0,0,132,0,0,137,0,0,21,46,0,76,82,94,MGonzales
5817,23,23,0,0,6,9,0,0,0,131,0,0,123,0,0,17,48,0,65,70,116,PBlackburn
6188,24,24,0,0,6,8,0,0,0,130,0,0,117,0,0,20,57,0,67,72,132,MGore
4524,26,26,0,0,8,7,0,0,0,129,0,0,119,0,0,17,41,0,61,66,129,FMontas
5417,26,26,0,0,7,7,0,0,0,129,0,0,125,0,0,19,31,0,61,66,125,SLugo
5800,26,26,0,0,7,7,0,0,0,129,0,0,115,0,0,17,57,0,62,67,135,CRagans
6960,26,26,0,0,7,7,0,0,0,129,0,0,109,0,0,16,62,0,61,66,131,ECabrera
4080,23,23,0,0,7,7,0,0,0,129,0,0,120,0,0,20,46,0,64,69,122,MWacha
5428,23,23,0,0,6,8,0,0,0,127,0,0,119,0,0,20,40,0,63,68,110,CRea
5231,23,23,0,0,6,8,0,0,0,127,0,0,122,0,0,16,55,0,64,69,101,AHouser
5846,23,23,0,0,8,6,0,0,0,127,0,0,104,0,0,18,35,0,53,56,131,NCortes
5593,24,24,0,0,6,8,0,0,0,124,0,0,138,0,0,21,43,0,76,82,86,AGomber
4597,24,24,0,0,10,4,0,0,0,124,0,0,94,0,0,14,38,0,41,45,147,TGlasnow
4624,21,21,0,0,6,7,0,0,0,122,0,0,120,0,0,18,31,0,58,63,97,RStripling
5327,24,24,0,0,8,5,0,0,0,121,0,0,109,0,0,14,35,0,52,56,106,WBuehler
6198,24,24,0,0,7,6,0,0,0,121,0,0,112,0,0,14,42,0,57,63,116,THouck
7917,24,24,0,0,7,7,0,0,0,121,0,0,103,0,0,19,45,0,57,61,130,EPerez
7833,24,24,0,0,7,7,0,0,0,121,0,0,113,0,0,20,43,0,64,68,121,KCrawford
6201,24,24,0,0,6,7,0,0,0,121,0,0,110,0,0,16,45,0,59,63,122,TRogers
7832,24,24,0,0,6,7,0,0,0,121,0,0,121,0,0,18,49,0,67,73,109,RFeltner
8205,24,24,0,0,6,7,0,0,0,121,0,0,111,0,0,16,55,0,63,69,115,CSilseth
7706,24,24,0,0,6,8,0,0,0,121,0,0,103,0,0,18,51,0,61,65,131,KHarrison
7429,24,24,0,0,5,8,0,0,0,121,0,0,116,0,0,18,47,0,65,70,102,JIrvin
8226,24,24,0,0,5,8,0,0,0,121,0,0,99,0,0,17,72,0,62,67,125,JBoyle
7978,23,18,0,0,7,7,0,0,0,121,0,0,113,0,0,17,50,0,59,64,106,JFrance
6378,23,17,0,0,6,7,0,0,1,121,0,0,119,0,0,17,28,0,60,65,89,CIrvin
7438,21,21,0,0,7,7,0,0,0,120,0,0,101,0,0,18,42,0,55,59,120,RPepiot
8118,23,23,0,0,6,7,0,0,0,119,0,0,107,0,0,18,34,0,58,63,108,BMiller
7918,27,19,0,0,6,7,0,0,0,118,0,0,104,0,0,18,47,0,57,61,116,TBradley
6488,21,21,0,0,5,8,0,0,0,117,0,0,105,0,0,15,58,0,61,66,115,LMedina
7049,23,18,0,0,6,7,0,0,0,117,0,0,117,0,0,14,45,0,60,66,99,CPriester
8321,21,21,0,0,5,8,0,0,0,117,0,0,109,0,0,15,43,0,58,63,99,RVasquez
6578,23,23,0,0,7,6,0,0,0,116,0,0,102,0,0,16,33,0,52,56,118,GCanning
7777,19,19,0,0,5,8,0,0,0,115,0,0,107,0,0,18,51,0,64,69,108,KWaldichuk
6692,23,23,0,0,6,6,0,0,0,113,0,0,98,0,0,17,29,0,50,54,95,JMeans
5107,23,23,0,0,5,8,0,0,0,113,0,0,98,0,0,19,73,0,65,70,114,MKopech
6093,21,21,0,0,5,7,0,0,0,112,0,0,128,0,0,14,47,0,68,75,76,DakHudson
6031,21,21,0,0,5,7,0,0,0,111,0,0,106,0,0,16,40,0,58,62,89,MManning
4997,21,21,0,0,5,7,0,0,0,111,0,0,101,0,0,15,42,0,55,60,98,LSeverino
3431,18,18,0,0,6,6,0,0,0,108,0,0,100,0,0,10,34,0,46,51,94,ACobb
3309,21,21,0,0,7,5,0,0,0,107,0,0,91,0,0,14,34,0,47,51,115,CSale
8287,19,19,0,0,5,7,0,0,0,107,0,0,111,0,0,16,46,0,62,68,83,LOrtiz
6940,23,15,0,0,5,7,0,0,0,106,0,0,110,0,0,18,33,0,59,63,85,BFalter
7026,21,21,0,0,6,6,0,0,0,105,0,0,95,0,0,14,31,0,52,56,114,NLodolo
5809,21,21,0,0,6,6,0,0,0,105,0,0,99,0,0,15,32,0,51,56,96,CPaddack
6856,21,21,0,0,6,6,0,0,0,105,0,0,92,0,0,14,33,0,44,47,112,MKing
6189,21,21,0,0,6,6,0,0,0,105,0,0,91,0,0,15,36,0,49,53,110,SBaz
6301,21,21,0,0,6,6,0,0,0,105,0,0,102,0,0,16,27,0,51,54,88,ZLittell
4548,21,21,0,0,6,6,0,0,0,105,0,0,91,0,0,16,32,0,50,54,111,KMaeda
6499,21,21,0,0,5,7,0,0,0,105,0,0,102,0,0,15,34,0,53,58,87,CMize
6844,19,19,0,0,5,7,0,0,0,104,0,0,106,0,0,16,37,0,59,64,89,DLynch
4732,25,15,0,0,6,5,0,0,0,103,0,0,93,0,0,13,24,0,43,47,87,ADeSclafani
4867,19,19,0,0,4,7,0,0,0,102,0,0,108,0,0,18,36,0,60,64,78,TWilliams
7848,19,19,0,0,5,6,0,0,0,99,0,0,99,0,0,15,34,0,53,57,84,JWicks
8566,19,19,0,0,6,5,0,0,0,99,0,0,81,0,0,16,38,0,47,50,107,ESheehan
8437,19,19,0,0,5,5,0,0,0,97,0,0,80,0,0,13,31,0,44,47,100,BWoo
5400,19,19,0,0,5,6,0,0,0,97,0,0,87,0,0,13,31,0,48,52,92,MSoroka
4904,19,19,0,0,4,7,0,0,0,97,0,0,89,0,0,14,53,0,54,59,94,TToussaint
8659,19,19,0,0,4,7,0,0,0,97,0,0,93,0,0,14,38,0,55,59,84,OBido
4900,25,15,0,0,5,5,0,0,0,94,0,0,97,0,0,13,39,0,48,53,84,NMartinez
7425,20,13,0,0,4,6,0,0,0,94,0,0,92,0,0,12,41,0,50,54,79,JAdon
6958,18,13,0,0,5,6,0,0,0,93,0,0,91,0,0,13,41,0,51,55,79,SWoodsRichardson
8100,16,16,0,0,6,5,0,0,0,93,0,0,84,0,0,13,36,0,45,48,89,GStone
7545,26,8,0,0,5,5,0,0,0,93,0,0,81,0,0,15,32,0,41,44,88,TWells
7360,16,16,0,0,5,6,0,0,0,92,0,0,90,0,0,15,34,0,50,54,70,RNelson
7534,24,10,0,0,5,6,0,0,0,92,0,0,91,0,0,14,37,0,50,54,84,RContreras
7043,18,18,0,0,4,7,0,0,0,92,0,0,96,0,0,15,37,0,52,56,74,JRutledge
8270,16,16,0,0,5,5,0,0,0,91,0,0,90,0,0,13,37,0,47,51,74,JAssad
6826,22,8,0,0,4,6,0,0,2,90,0,0,89,0,0,12,41,0,49,53,75,KMuller
8155,15,15,0,0,4,6,0,0,0,89,0,0,83,0,0,13,28,0,45,48,84,RGasser
7363,18,18,0,0,4,5,0,0,0,89,0,0,84,0,0,12,35,0,44,48,79,MMeyer
6427,18,18,0,0,4,6,0,0,0,89,0,0,97,0,0,15,34,0,56,60,72,PLambert
8298,18,13,0,0,4,6,0,0,0,86,0,0,84,0,0,12,27,0,42,45,65,JBrito
8422,18,13,0,0,5,5,0,0,0,83,0,0,82,0,0,14,19,0,42,45,72,CBradford
6196,18,13,0,0,4,5,0,0,0,82,0,0,75,0,0,9,34,0,39,42,84,DPeterson
7621,19,11,0,0,4,5,0,0,0,82,0,0,79,0,0,11,33,0,42,45,68,TMegill
7574,19,11,0,0,4,5,0,0,0,82,0,0,83,0,0,12,28,0,43,46,64,TBeck
7365,29,13,0,0,3,6,0,0,0,81,0,0,81,0,0,13,35,0,46,49,78,GCrochet
8122,18,13,0,0,4,4,0,0,0,80,0,0,77,0,0,12,27,0,40,43,72,HWesneski
7004,20,10,0,0,4,5,0,0,0,79,0,0,72,0,0,8,34,0,36,40,84,AAshby
7578,18,10,0,0,4,4,0,0,0,78,0,0,72,0,0,12,25,0,38,41,72,DDaniel
7384,13,13,0,0,4,5,0,0,0,75,0,0,72,0,0,12,32,0,41,44,60,THenry
6721,15,15,0,0,3,5,0,0,0,73,0,0,67,0,0,10,30,0,37,40,59,PAvila
5882,18,6,0,0,3,5,0,0,0,73,0,0,76,0,0,11,28,0,40,43,59,CFlexen
4023,17,11,0,0,4,4,0,0,0,72,0,0,65,0,0,8,28,0,33,36,64,JRoss
6783,17,8,0,0,4,4,0,0,0,72,0,0,69,0,0,11,21,0,36,39,61,JUrquidy
6366,27,10,0,0,4,4,0,0,0,72,0,0,67,0,0,9,30,0,33,36,71,JHicks
8699,11,11,0,0,3,4,0,0,0,71,0,0,62,0,0,10,30,0,33,36,67,DThorpe
6708,72,0,0,0,5,3,2,0,15,68,0,0,59,0,0,8,31,0,27,29,82,BAbreu
7033,69,0,0,0,5,3,37,0,0,68,0,0,64,0,0,6,15,0,24,26,64,EClase
8010,11,11,0,0,3,5,0,0,0,68,0,0,70,0,0,11,22,0,35,37,56,MWaldron
8046,55,0,0,0,4,4,4,0,10,68,0,0,74,0,0,8,23,0,34,38,60,JBird
6706,67,0,0,0,4,4,7,0,11,68,0,0,71,0,0,9,33,0,36,39,68,JLawrence
7027,11,11,0,0,3,5,0,0,0,68,0,0,74,0,0,11,24,0,40,43,52,ZPlesac
7350,15,10,0,0,3,4,0,0,0,67,0,0,66,0,0,11,31,0,36,39,65,MAbel
7546,22,0,0,0,4,3,8,0,7,67,0,0,67,0,0,8,17,0,29,32,67,GWhitlock
7588,34,0,0,0,4,4,0,0,10,67,0,0,70,0,0,7,26,0,32,35,62,JWinckowski
6241,69,0,0,0,3,4,22,0,2,67,0,0,68,0,0,7,22,0,32,35,63,GSantos
7132,16,10,0,0,4,4,0,0,0,66,0,0,64,0,0,8,28,0,34,37,50,NNelson
5488,66,0,0,0,3,4,31,0,0,66,0,0,66,0,0,9,29,0,34,36,67,CEstevez
5757,69,0,0,0,4,3,28,0,0,66,0,0,59,0,0,7,30,0,28,30,81,TanScott
5695,69,0,0,0,3,4,25,0,1,66,0,0,60,0,0,7,37,0,31,34,72,ALange
7868,71,0,0,0,4,3,31,0,0,65,0,0,61,0,0,9,27,0,32,34,75,ADiaz
5149,15,6,0,0,4,3,0,0,0,65,0,0,67,0,0,10,16,0,34,36,51,RYarbrough
6285,41,0,0,0,4,3,2,0,27,65,0,0,62,0,0,9,15,0,27,29,67,AAlzolay
8165,11,11,0,0,3,4,0,0,0,65,0,0,67,0,0,9,19,0,35,38,56,BWalter
6364,65,0,0,0,3,4,21,0,1,65,0,0,66,0,0,9,25,0,31,33,60,KFinnegan
2633,72,0,0,0,4,3,31,0,0,65,0,0,54,0,0,9,26,0,26,28,80,CKimbrel
5059,50,0,0,0,4,3,2,0,11,65,0,0,61,0,0,8,18,0,27,29,66,SArmstrong
7934,62,0,0,0,4,3,4,0,16,65,0,0,63,0,0,6,23,0,27,30,60,YCano
4656,69,0,0,0,4,3,40,0,0,64,0,0,54,0,0,9,30,0,27,29,84,JHader
6796,67,0,0,0,4,3,33,0,0,64,0,0,61,0,0,8,25,0,28,30,70,DBednar
3814,13,13,0,0,4,3,0,0,0,64,0,0,54,0,0,8,30,0,29,32,67,LMcCullers
5469,70,0,0,0,3,4,0,0,11,64,0,0,61,0,0,8,24,0,29,32,62,EDeLosSantos
4958,34,3,0,0,3,4,0,0,6,64,0,0,60,0,0,9,34,0,33,35,65,SNewcomb
6704,53,0,0,0,4,3,2,0,13,64,0,0,60,0,0,6,27,0,25,28,66,SHentges
6591,63,0,0,0,4,4,2,0,18,64,0,0,59,0,0,8,23,0,27,30,70,TStephan
6321,59,0,0,0,4,4,0,0,12,64,0,0,58,0,0,7,27,0,28,30,70,SBarlow
8123,21,0,0,0,3,4,20,0,2,64,0,0,55,0,0,8,30,0,30,32,67,MMiller
5818,57,0,0,0,3,4,3,0,13,64,0,0,61,0,0,7,37,0,31,34,66,LErceg
8192,11,11,0,0,3,4,0,0,0,64,0,0,64,0,0,12,22,0,34,36,56,JEstes
7093,61,0,0,0,4,3,2,0,10,63,0,0,62,0,0,8,25,0,31,34,63,JSchreiber
7897,33,0,0,0,3,4,10,0,9,63,0,0,64,0,0,7,24,0,31,33,61,JMcArthur
3082,66,0,0,0,3,4,25,0,0,63,0,0,63,0,0,10,26,0,33,35,64,WSmith
8731,14,8,0,0,3,4,0,0,0,63,0,0,59,0,0,9,16,0,30,33,62,SGipsonLong
6643,58,0,0,0,4,3,38,0,0,63,0,0,56,0,0,6,21,0,23,26,72,JDuran
4039,45,0,0,0,4,3,2,0,19,63,0,0,60,0,0,7,19,0,27,29,62,GJax
6417,60,0,0,0,4,3,35,0,0,63,0,0,57,0,0,8,25,0,26,28,69,JRomano
6604,74,0,0,0,4,3,4,0,16,63,0,0,57,0,0,8,23,0,26,28,67,ESwanson
7431,63,0,0,0,4,3,33,0,0,63,0,0,54,0,0,6,24,0,25,27,72,CDoval
6176,61,0,0,0,3,4,2,0,17,63,0,0,66,0,0,7,19,0,28,31,47,TyRogers
4929,63,0,0,0,5,2,30,0,3,62,0,0,58,0,0,8,21,0,26,28,71,RIglesias
5992,70,0,0,0,4,3,13,0,11,62,0,0,58,0,0,8,23,0,27,28,73,AMinter
8014,34,0,0,0,3,4,3,0,9,62,0,0,66,0,0,9,18,0,31,34,55,TBanks
5889,59,0,0,0,4,3,34,0,0,62,0,0,57,0,0,5,21,0,23,25,65,CHolmes
6315,63,0,0,0,4,3,0,0,12,62,0,0,61,0,0,7,27,0,29,31,60,JHernandez
4598,62,0,0,0,4,3,2,0,12,62,0,0,62,0,0,7,22,0,28,31,58,LGarcia
4885,66,0,0,0,4,3,35,0,0,62,0,0,50,0,0,7,30,0,22,24,84,DWilliams
5666,65,0,0,0,4,3,35,0,0,62,0,0,53,0,0,9,25,0,25,26,74,PSewald
6849,66,0,0,0,4,3,7,0,14,62,0,0,57,0,0,8,24,0,26,28,65,KGinkel
6699,60,0,0,0,4,3,2,0,17,62,0,0,60,0,0,8,20,0,27,29,59,JPayamps
5675,54,0,0,0,4,3,8,0,11,61,0,0,58,0,0,8,20,0,27,29,68,APuk
7551,56,0,0,0,3,4,2,0,9,61,0,0,61,0,0,8,25,0,28,30,64,WVest
8264,61,0,0,0,3,4,4,0,10,61,0,0,60,0,0,9,24,0,30,32,65,ANardi
7500,64,0,0,0,3,4,10,0,8,61,0,0,66,0,0,6,19,0,29,31,51,JFoley
5884,60,0,0,0,4,3,2,0,13,61,0,0,59,0,0,9,20,0,27,29,64,GGallegos
6174,70,0,0,0,4,3,2,0,17,61,0,0,57,0,0,8,27,0,27,29,66,JMerryweather
4263,64,0,0,0,4,2,5,0,17,61,0,0,55,0,0,7,19,0,23,25,65,RPressly
6145,21,0,0,0,4,3,0,0,9,61,0,0,50,0,0,7,28,0,25,27,69,DHall
6169,59,0,0,0,3,3,6,0,13,61,0,0,62,0,0,10,22,0,31,33,61,EPagan
5015,62,0,0,0,3,3,0,0,12,61,0,0,62,0,0,10,25,0,32,34,60,BFarmer
6345,67,0,0,0,3,4,0,0,9,61,0,0,65,0,0,9,26,0,33,36,58,IGibaut
6927,17,5,0,0,3,4,0,0,0,61,0,0,63,0,0,9,25,0,35,37,50,RWeathers
6597,65,0,0,0,4,2,36,0,0,60,0,0,54,0,0,7,21,0,24,26,64,EPhillips
6474,65,0,0,0,4,2,8,0,16,60,0,0,60,0,0,6,18,0,24,27,50,BGraterol
8721,15,8,0,0,4,3,0,0,0,60,0,0,49,0,0,7,26,0,25,27,71,KHurt
6598,80,0,0,0,4,3,3,0,12,60,0,0,58,0,0,7,24,0,28,31,62,CFerguson
6583,75,0,0,0,3,3,2,0,12,60,0,0,55,0,0,8,25,0,27,29,62,CPoche
8142,64,0,0,0,3,3,4,0,14,60,0,0,62,0,0,8,22,0,29,31,57,CHolderman
8743,65,0,0,0,3,3,28,0,0,60,0,0,52,0,0,8,29,0,25,27,70,YMatsui
7969,39,0,0,0,3,4,0,0,13,60,0,0,62,0,0,8,28,0,31,34,57,CMlodzinski
5123,64,0,0,0,3,4,0,0,7,60,0,0,58,0,0,8,23,0,28,30,59,TGott
6236,65,0,0,0,3,4,4,0,9,60,0,0,56,0,0,9,26,0,29,31,61,DrSmith
7557,10,10,0,0,3,4,0,0,0,60,0,0,57,0,0,9,26,0,33,35,55,KRosenberg
4806,62,0,0,0,4,3,4,0,14,59,0,0,61,0,0,8,17,0,26,29,57,ChMartin
7470,79,0,0,0,3,3,0,0,14,59,0,0,59,0,0,5,19,0,25,28,53,JTopa
7971,11,6,0,0,3,4,0,0,0,59,0,0,62,0,0,9,25,0,35,38,55,CMurphy
4688,63,0,0,0,4,3,4,0,8,59,0,0,56,0,0,7,18,0,25,27,61,YGarcia
8161,10,10,0,0,3,3,0,0,0,59,0,0,49,0,0,8,23,0,27,30,62,RTiedemann
6237,53,0,0,0,3,3,0,0,4,59,0,0,61,0,0,7,25,0,29,32,58,JBeeks
4489,51,0,0,0,3,3,0,0,10,59,0,0,61,0,0,8,21,0,30,32,57,CStratton
5304,63,0,0,0,4,3,8,0,9,59,0,0,56,0,0,9,19,0,27,29,66,JJimenez
6624,39,0,0,0,4,3,5,0,15,58,0,0,54,0,0,7,29,0,25,28,63,IHamilton
5898,55,0,0,0,4,3,32,0,0,58,0,0,50,0,0,6,26,0,23,25,70,JAlvarado
19,10,10,0,0,4,3,0,0,0,58,0,0,47,0,0,9,17,0,24,26,65,MScherzer
5514,64,0,0,0,4,3,33,0,0,58,0,0,54,0,0,8,27,0,27,29,63,JLeclerc
6294,63,0,0,0,3,3,2,0,12,58,0,0,56,0,0,7,27,0,27,29,57,GSoto
4303,78,0,0,0,3,3,2,0,12,58,0,0,53,0,0,9,24,0,28,30,65,KYates
5906,65,0,0,0,3,3,0,0,11,58,0,0,59,0,0,7,17,0,25,28,54,HMilner
6472,53,0,0,0,4,3,13,0,6,57,0,0,54,0,0,6,20,0,24,26,59,JRomero
6164,40,0,0,0,4,3,32,0,0,57,0,0,54,0,0,8,20,0,26,28,61,MLeiter
6610,13,8,0,0,3,3,0,0,0,57,0,0,57,0,0,8,22,0,31,33,49,MLiberatore
4316,58,0,0,0,3,3,0,0,12,57,0,0,55,0,0,7,24,0,26,28,58,RMontero
5192,61,0,0,0,3,3,0,0,11,57,0,0,53,0,0,9,22,0,27,28,64,SOkert
4142,63,0,0,0,3,3,0,0,8,57,0,0,53,0,0,7,25,0,25,28,62,AChafin
7234,14,5,0,0,3,4,0,0,0,57,0,0,53,0,0,9,17,0,28,30,48,DMcCaughan
4880,12,6,0,0,3,4,0,0,0,57,0,0,54,0,0,8,17,0,27,29,48,BLively
2839,48,0,0,0,3,4,2,0,10,57,0,0,55,0,0,9,25,0,29,31,58,SMiller
7840,52,0,0,0,3,3,2,0,8,57,0,0,55,0,0,8,22,0,27,29,62,DMoreta
4796,63,0,0,0,3,3,10,0,4,57,0,0,55,0,0,7,23,0,26,28,58,HHarvey
8324,59,0,0,0,3,4,0,0,8,57,0,0,55,0,0,8,21,0,27,29,53,TCosgrove
7151,58,0,0,0,3,4,0,0,9,57,0,0,54,0,0,9,24,0,28,30,58,JWeems
7204,60,0,0,0,4,3,3,0,8,56,0,0,51,0,0,9,24,0,26,28,63,AVesia
5640,63,0,0,0,3,3,2,0,6,56,0,0,57,0,0,7,22,0,27,29,56,SMoll
4510,76,0,0,0,3,3,0,0,13,56,0,0,54,0,0,9,26,0,31,33,61,LSims
8472,11,11,0,0,2,4,0,0,0,56,0,0,57,0,0,10,26,0,32,35,59,NNastrini
3680,62,0,0,0,4,3,9,0,10,56,0,0,48,0,0,7,17,0,22,24,62,JAdam
4840,62,0,0,0,4,3,14,0,9,56,0,0,49,0,0,7,22,0,22,24,69,EDiaz
4174,66,0,0,0,3,3,12,0,5,56,0,0,52,0,0,6,21,0,23,25,58,BRaley
6592,15,5,0,0,3,3,2,0,0,56,0,0,54,0,0,7,22,0,28,30,51,JSuarez
5392,54,0,0,0,3,3,0,0,10,56,0,0,54,0,0,8,24,0,28,30,57,PBickford
5983,68,0,0,0,4,3,0,0,14,56,0,0,53,0,0,5,18,0,21,24,52,TMayza
6749,60,0,0,0,4,3,34,0,0,56,0,0,49,0,0,6,19,0,21,23,61,AMunoz
7524,47,0,0,0,3,3,4,0,13,56,0,0,47,0,0,5,26,0,22,24,72,MBrash
5517,62,0,0,0,3,3,4,0,7,56,0,0,53,0,0,7,17,0,24,26,55,GSpeier
2963,56,0,0,0,3,3,27,0,0,55,0,0,52,0,0,9,26,0,28,30,64,KJansen
8641,47,0,0,0,3,3,0,0,8,55,0,0,52,0,0,6,22,0,24,26,58,RWalker
8718,51,0,0,0,3,3,2,0,6,55,0,0,53,0,0,8,28,0,28,30,59,JMcMillon
6334,64,0,0,0,3,3,21,0,0,55,0,0,60,0,0,9,20,0,31,33,51,TKinley
7124,41,0,0,0,3,3,0,0,8,55,0,0,56,0,0,9,26,0,31,33,54,CHernandez
2159,54,0,0,0,3,4,4,0,5,55,0,0,56,0,0,8,33,0,33,35,55,DBard
5986,59,0,0,0,4,2,0,0,13,55,0,0,51,0,0,5,26,0,24,26,59,ABummer
4507,64,0,0,0,4,2,0,0,10,55,0,0,52,0,0,7,24,0,24,26,61,PJohnson
5047,46,0,0,0,4,2,0,0,10,55,0,0,53,0,0,7,21,0,25,27,58,RLopez
8491,31,0,0,0,4,2,2,0,7,55,0,0,51,0,0,5,21,0,22,24,58,KFunderburk
4795,44,0,0,0,4,3,9,0,9,54,0,0,48,0,0,7,23,0,24,25,63,JHoffman
8728,48,0,0,0,3,3,0,0,0,54,0,0,51,0,0,5,26,0,22,25,52,ASaalfrank
3679,49,0,0,0,3,3,2,0,11,54,0,0,48,0,0,8,25,0,23,25,59,SMcGough
7825,53,0,0,0,3,3,0,0,14,54,0,0,53,0,0,7,21,0,25,27,52,SEffross
6307,63,0,0,0,3,3,0,0,11,54,0,0,54,0,0,7,21,0,28,30,49,SDominguez
7549,50,0,0,0,3,3,0,0,16,54,0,0,53,0,0,6,22,0,26,29,55,JSoriano
6666,10,10,0,0,3,3,0,0,0,54,0,0,53,0,0,7,17,0,27,30,46,BZimmermann
6728,36,0,0,0,3,3,0,0,9,54,0,0,54,0,0,8,15,0,24,26,52,BBurke
6040,51,0,0,0,3,3,9,0,9,54,0,0,50,0,0,8,25,0,25,27,60,JSborz
8644,36,0,0,0,3,3,0,0,9,54,0,0,55,0,0,7,19,0,26,28,54,GAnderson
8317,60,0,0,0,3,3,2,0,10,54,0,0,50,0,0,6,22,0,23,26,57,AUribe
6181,66,0,0,0,3,3,5,0,9,54,0,0,53,0,0,8,20,0,26,28,54,JBrebbia
8454,10,10,0,0,3,3,0,0,0,54,0,0,48,0,0,8,22,0,28,30,54,CPovich
8669,14,6,0,0,3,3,0,0,0,54,0,0,45,0,0,6,19,0,22,24,54,JaLopez
7997,55,0,0,0,3,3,0,0,8,53,0,0,55,0,0,6,20,0,26,29,48,JCuas
7333,10,10,0,0,3,3,0,0,0,53,0,0,48,0,0,8,18,0,26,28,46,EHancock
8779,46,0,0,0,3,2,2,0,9,53,0,0,41,0,0,6,21,0,19,20,48,WGo
7450,18,0,0,0,3,3,0,0,9,53,0,0,49,0,0,8,26,0,25,27,52,RBlanco
7189,50,0,0,0,3,3,2,0,5,53,0,0,47,0,0,8,23,0,25,26,55,SWilson
7890,11,6,0,0,3,3,0,0,0,53,0,0,50,0,0,8,22,0,27,29,44,JButto
5043,65,0,0,0,3,3,2,0,10,53,0,0,50,0,0,6,21,0,23,25,53,DCoulombe
5899,52,0,0,0,3,3,0,0,7,53,0,0,54,0,0,6,15,0,24,27,47,RBorucki
5468,55,0,0,0,3,3,2,0,6,53,0,0,52,0,0,5,23,0,24,26,48,CPerez
8318,13,6,0,0,3,3,0,0,0,53,0,0,51,0,0,8,17,0,27,29,52,BHeadrick
5500,56,0,0,0,3,3,0,0,8,53,0,0,54,0,0,6,20,0,25,27,47,JChargois
5198,53,0,0,0,3,3,0,0,6,53,0,0,55,0,0,5,20,0,25,27,48,DFloro
6394,61,0,0,0,2,4,2,0,8,53,0,0,54,0,0,8,26,0,30,31,53,TRainey
3506,51,0,0,0,4,2,3,0,12,52,0,0,47,0,0,4,20,0,19,21,55,JKelly
8201,38,0,0,0,3,3,0,0,7,52,0,0,53,0,0,6,14,0,23,25,49,THolton
5434,35,0,0,0,3,3,0,0,7,52,0,0,53,0,0,6,19,0,26,28,43,JrgLopez
5907,43,0,0,0,3,3,0,0,3,52,0,0,53,0,0,7,22,0,26,28,52,MDiaz
5625,61,0,0,0,3,3,0,0,8,52,0,0,48,0,0,7,21,0,22,24,54,CGreen
7390,34,0,0,0,3,3,0,0,8,52,0,0,49,0,0,7,17,0,22,24,56,EMorgan
7392,59,0,0,0,3,3,0,0,8,52,0,0,47,0,0,6,22,0,22,24,54,NSandlin
7024,56,0,0,0,3,3,0,0,4,52,0,0,44,0,0,7,30,0,24,25,63,JKarinchak
6406,39,0,0,0,3,3,0,0,8,52,0,0,52,0,0,7,20,0,25,27,46,TThornton
7543,13,6,0,0,3,3,0,0,0,52,0,0,54,0,0,7,15,0,28,30,44,AZerpa
6695,41,0,0,0,2,3,0,0,8,52,0,0,49,0,0,7,28,0,25,27,53,ZJackson
7145,49,0,0,0,2,3,3,0,6,52,0,0,48,0,0,7,28,0,25,27,53,DJimenez
8127,14,5,0,0,2,3,0,0,2,52,0,0,53,0,0,8,18,0,28,30,41,XCurry
7030,53,0,0,0,3,2,30,0,0,52,0,0,45,0,0,5,19,0,20,22,59,PFairbanks
6229,13,6,0,0,3,3,0,0,0,52,0,0,49,0,0,7,20,0,26,28,48,HYnoa
6149,20,0,0,0,3,3,0,0,4,52,0,0,52,0,0,7,10,0,23,25,44,TAlexander
5543,49,0,0,0,3,3,0,0,8,52,0,0,49,0,0,7,18,0,23,25,49,CDevenski
6239,26,0,0,0,3,3,0,0,8,52,0,0,47,0,0,6,19,0,24,26,54,GCleavinger
5129,55,0,0,0,3,3,2,0,9,51,0,0,48,0,0,7,19,0,23,25,57,TayRogers
6711,55,0,0,0,3,3,2,0,9,51,0,0,52,0,0,8,21,0,26,28,49,NAnderson
3740,59,0,0,0,3,3,2,0,7,51,0,0,50,0,0,6,20,0,23,25,51,LJackson
7787,13,5,0,0,2,3,0,0,0,51,0,0,52,0,0,7,29,0,30,33,43,SBachman
4229,47,0,0,0,3,2,2,0,10,51,0,0,48,0,0,8,19,0,23,24,56,CThielbar
7278,49,0,0,0,3,3,0,0,10,51,0,0,51,0,0,6,16,0,22,24,46,RThompson
5811,59,0,0,0,3,3,0,0,10,51,0,0,50,0,0,7,18,0,24,26,52,BStewart
7193,46,0,0,0,3,3,0,0,7,51,0,0,53,0,0,8,26,0,29,31,53,NMears
6446,42,0,0,0,3,2,29,0,0,50,0,0,44,0,0,7,23,0,21,23,59,RHelsley
8077,33,0,0,0,3,3,0,0,8,50,0,0,55,0,0,4,22,0,23,26,34,APallante
7891,46,0,0,0,3,3,0,0,4,50,0,0,47,0,0,7,25,0,26,27,55,RMarinaccio
7781,38,0,0,0,3,3,0,0,7,50,0,0,50,0,0,8,20,0,26,27,50,AWantz
6381,37,0,0,0,3,3,0,0,9,50,0,0,54,0,0,6,12,0,26,28,41,ACimber
7821,11,6,0,0,3,3,0,0,0,50,0,0,54,0,0,7,13,0,28,31,43,CCriswell
7414,10,10,0,0,2,3,0,0,0,50,0,0,43,0,0,7,23,0,24,26,51,JCantillo
7055,12,6,0,0,3,3,0,0,0,50,0,0,49,0,0,7,26,0,28,30,46,ZThompson
7417,10,10,0,0,2,3,0,0,0,50,0,0,51,0,0,8,21,0,30,32,41,BWilliamson
8255,13,5,0,0,2,4,0,0,0,50,0,0,54,0,0,10,19,0,28,30,43,HGaddis
3904,17,0,0,0,3,3,0,0,0,50,0,0,49,0,0,7,17,0,25,27,48,DSmyly
8139,12,6,0,0,3,3,0,0,0,50,0,0,46,0,0,7,23,0,27,29,53,CPhillips
6296,56,0,0,0,2,3,2,0,6,50,0,0,54,0,0,6,18,0,25,28,38,THill
3685,8,8,0,0,3,3,0,0,0,49,0,0,43,0,0,8,16,0,23,25,53,RRay
7908,48,0,0,0,3,3,6,0,8,49,0,0,46,0,0,6,19,0,21,23,47,RSuarez
7376,8,8,0,0,2,3,0,0,0,49,0,0,49,0,0,8,21,0,27,30,37,JShuster
6545,50,0,0,0,3,3,0,0,8,49,0,0,47,0,0,6,23,0,24,26,47,GCabrera
8398,38,0,0,0,2,3,0,0,6,49,0,0,47,0,0,7,21,0,23,25,51,RGarcia
7251,10,10,0,0,3,2,0,0,0,48,0,0,41,0,0,5,10,0,17,19,47,DRasmussen
4230,36,0,0,0,3,3,0,0,3,48,0,0,46,0,0,6,16,0,22,23,46,MTonkin
7444,10,10,0,0,3,3,0,0,0,48,0,0,43,0,0,7,22,0,25,27,50,CBeeter
7552,65,0,0,0,3,3,0,0,0,48,0,0,47,0,0,6,18,0,23,25,45,ABender
8634,10,10,0,0,3,3,0,0,0,48,0,0,48,0,0,7,21,0,26,28,47,DFesta
6720,10,10,0,0,2,3,0,0,0,48,0,0,48,0,0,7,19,0,26,28,44,JBrubaker
8276,44,0,0,0,3,3,0,0,7,48,0,0,47,0,0,6,19,0,24,25,52,GWeissert
7773,53,0,0,0,3,3,0,0,3,48,0,0,47,0,0,5,17,0,21,23,45,TSaucedo
7974,21,0,0,0,2,3,0,0,3,48,0,0,50,0,0,7,18,0,24,27,41,BBrieske
8278,45,0,0,0,3,2,0,0,3,48,0,0,45,0,0,7,19,0,22,23,54,FCruz
8207,12,6,0,0,3,3,0,0,0,48,0,0,45,0,0,8,22,0,25,27,45,ASmithShawver
8764,13,5,0,0,2,3,0,0,0,48,0,0,54,0,0,9,20,0,29,31,48,MSauer
8343,41,0,0,0,3,3,0,0,3,47,0,0,47,0,0,5,11,0,21,23,42,KKelly
6104,14,3,0,0,3,3,0,0,2,47,0,0,46,0,0,6,20,0,24,25,43,MWhite
8726,41,0,0,0,2,3,0,0,3,47,0,0,52,0,0,7,23,0,27,29,49,SCruz
5494,36,0,0,0,3,2,0,0,8,47,0,0,44,0,0,7,16,0,21,23,50,MStrahm
7888,19,0,0,0,3,2,0,0,0,47,0,0,45,0,0,6,20,0,22,24,49,CSands
5165,46,0,0,0,3,3,0,0,3,47,0,0,48,0,0,6,16,0,22,24,40,JMantiply
5143,57,0,0,0,3,3,0,0,7,47,0,0,46,0,0,6,20,0,22,24,43,MCastro
8218,11,6,0,0,2,3,0,0,0,47,0,0,45,0,0,6,19,0,23,25,45,MBlack
4371,51,0,0,0,3,2,5,0,5,47,0,0,45,0,0,5,17,0,20,22,46,TKahnle
6304,28,0,0,0,3,2,2,0,5,47,0,0,48,0,0,5,15,0,21,23,40,JLoaisiga
5927,35,0,0,0,3,2,0,0,9,47,0,0,47,0,0,5,14,0,22,24,41,AKittredge
7023,36,0,0,0,3,3,0,0,8,47,0,0,49,0,0,5,16,0,22,24,37,NRamirez
7820,42,0,0,0,3,3,0,0,7,46,0,0,47,0,0,5,16,0,20,22,42,EPeguero
8288,42,0,0,0,2,3,0,0,3,46,0,0,51,0,0,7,16,0,26,28,46,GHollowell
5211,42,0,0,0,2,3,0,0,0,46,0,0,45,0,0,6,20,0,24,26,45,YAlmonte
7521,8,8,0,0,2,3,0,0,0,46,0,0,46,0,0,8,21,0,28,31,45,AMarsh
6770,35,0,0,0,2,3,0,0,3,46,0,0,47,0,0,8,22,0,26,28,43,JLambert
8340,42,0,0,0,2,3,0,0,3,45,0,0,47,0,0,7,20,0,24,25,45,JHernandez
5875,52,0,0,0,2,3,0,0,6,45,0,0,42,0,0,7,11,0,22,24,46,AAdams
7511,8,8,0,0,2,3,0,0,0,45,0,0,48,0,0,8,13,0,24,26,37,SCecconi
8330,46,0,0,0,2,3,0,0,2,45,0,0,49,0,0,6,17,0,23,25,35,JAFerrer
4790,59,0,0,0,3,2,0,0,4,44,0,0,43,0,0,5,15,0,19,21,42,BTreinen
8245,38,0,0,0,3,2,0,0,3,44,0,0,45,0,0,5,14,0,22,24,43,BBernardino
6698,44,0,0,0,2,3,2,0,6,44,0,0,42,0,0,6,21,0,22,24,45,JWebb
6523,22,0,0,0,2,3,0,0,7,44,0,0,46,0,0,5,24,0,25,28,40,JKowar
8314,21,0,0,0,2,3,0,0,6,44,0,0,44,0,0,6,19,0,23,25,41,GSoriano
8461,8,8,0,0,2,3,0,0,0,44,0,0,43,0,0,7,18,0,24,26,41,JJones
7830,8,8,0,0,2,3,0,0,0,43,0,0,44,0,0,6,13,0,22,24,30,JJunk
7735,18,0,0,0,2,2,0,0,3,43,0,0,45,0,0,6,18,0,22,24,39,JWinder
5659,6,6,0,0,2,3,0,0,0,43,0,0,41,0,0,7,23,0,24,25,35,JGroome
7111,44,0,0,0,3,2,0,0,3,43,0,0,42,0,0,4,17,0,19,21,41,VGonzalez
8098,39,0,0,0,2,3,2,0,4,43,0,0,44,0,0,7,18,0,25,27,42,BJoyce
7504,26,0,0,0,2,2,0,0,3,42,0,0,41,0,0,6,20,0,21,23,47,JLatz
6520,17,0,0,0,2,2,0,0,6,42,0,0,44,0,0,6,13,0,20,22,34,BWilson
7140,36,0,0,0,2,3,2,0,1,42,0,0,41,0,0,6,17,0,21,22,46,TMegill
8671,27,0,0,0,2,2,6,0,2,42,0,0,41,0,0,6,18,0,22,23,44,DPalencia
7448,34,0,0,0,2,2,0,0,3,42,0,0,40,0,0,5,19,0,20,21,39,BSousa
7652,35,0,0,0,2,3,0,0,0,41,0,0,40,0,0,5,17,0,21,22,41,JCousins
7423,40,0,0,0,2,3,0,0,5,41,0,0,40,0,0,5,18,0,21,22,44,ASpeas
8637,14,0,0,0,2,3,0,0,0,41,0,0,41,0,0,6,19,0,21,23,39,SDrohan
8302,10,5,0,0,2,2,0,0,0,41,0,0,41,0,0,5,15,0,22,24,38,DRom
4563,6,6,0,0,3,1,0,0,0,41,0,0,27,0,0,5,10,0,12,13,57,JDeGrom
6429,8,8,0,0,3,2,0,0,0,40,0,0,32,0,0,6,10,0,14,15,47,JSprings
6007,54,0,0,0,3,2,0,0,3,40,0,0,39,0,0,6,18,0,19,20,39,JFeyereisen
6333,14,0,0,0,3,2,0,0,7,40,0,0,37,0,0,6,16,0,19,21,38,EHernandez
5916,8,8,0,0,2,2,0,0,0,40,0,0,34,0,0,6,16,0,18,20,43,TMahle
7478,40,0,0,0,2,2,0,0,6,40,0,0,38,0,0,6,21,0,19,20,41,EMiller
7937,8,8,0,0,2,3,0,0,0,40,0,0,43,0,0,7,16,0,23,25,33,OWhite
7537,37,0,0,0,2,3,0,0,0,40,0,0,43,0,0,5,16,0,20,22,34,MThompson
5819,11,3,0,0,2,3,0,0,0,40,0,0,40,0,0,6,18,0,22,24,39,JWentz
7372,8,8,0,0,2,3,0,0,0,40,0,0,38,0,0,5,16,0,21,23,37,CCavalli
8495,13,0,0,0,2,3,3,0,0,40,0,0,41,0,0,5,13,0,18,20,35,MSpence
7801,34,0,0,0,2,3,3,0,0,40,0,0,42,0,0,6,20,0,21,23,41,FPerez
8736,28,0,0,0,2,2,2,0,4,40,0,0,35,0,0,5,19,0,18,20,35,OKerkering
8692,6,6,0,0,2,2,0,0,0,40,0,0,36,0,0,6,15,0,21,22,37,CFRodriguez
7464,29,0,0,0,2,2,0,0,6,39,0,0,44,0,0,4,14,0,19,21,28,JKing
8080,34,0,0,0,2,2,0,0,3,39,0,0,38,0,0,5,19,0,19,20,40,HBrazoban
6483,33,0,0,0,2,2,0,0,6,39,0,0,39,0,0,5,13,0,19,21,37,JAlcala
7063,39,0,0,0,2,2,0,0,0,39,0,0,42,0,0,6,16,0,21,23,35,AlYoung
8292,6,6,0,0,2,2,0,0,0,39,0,0,39,0,0,6,15,0,21,23,36,CHorton
7045,17,0,0,0,2,2,0,0,3,39,0,0,40,0,0,5,22,0,22,24,34,JBalazovic
7119,36,0,0,0,2,2,0,0,0,39,0,0,36,0,0,4,15,0,16,18,39,MRodriguez
5915,31,0,0,0,2,2,0,0,3,39,0,0,40,0,0,6,14,0,20,21,36,JHerget
7371,10,5,0,0,2,2,0,0,0,39,0,0,40,0,0,6,16,0,21,23,32,BJarvis
8266,11,3,0,0,2,2,0,0,1,38,0,0,40,0,0,5,13,0,19,21,29,BHoeing
8729,23,0,0,0,2,2,0,0,3,38,0,0,35,0,0,4,18,0,17,18,42,LLittle
6451,31,0,0,0,2,2,0,0,3,38,0,0,33,0,0,6,19,0,17,18,46,TRichards
7531,43,0,0,0,2,2,0,0,0,38,0,0,41,0,0,5,18,0,21,23,37,LGilbreath
8184,6,6,0,0,2,2,0,0,0,38,0,0,35,0,0,5,16,0,19,21,35,WWarren
8323,32,0,0,0,2,2,0,0,5,38,0,0,39,0,0,5,17,0,19,20,37,CSelby
8727,11,3,0,0,2,2,0,0,0,38,0,0,40,0,0,6,14,0,21,23,32,CSpiers
8258,29,0,0,0,2,2,0,0,1,38,0,0,36,0,0,6,18,0,19,20,38,JEstrada
5730,30,0,0,0,2,3,0,0,2,38,0,0,43,0,0,6,17,0,21,22,35,AMorejon
6910,18,0,0,0,1,3,2,0,3,37,0,0,41,0,0,7,19,0,23,24,35,DGarcia
7028,12,0,0,0,2,2,0,0,2,37,0,0,43,0,0,4,13,0,19,21,28,SHjelle
6466,6,6,0,0,2,2,0,0,0,36,0,0,32,0,0,5,13,0,16,18,33,DMay
7587,16,0,0,0,2,2,0,0,2,36,0,0,37,0,0,5,14,0,18,20,32,TWard
3317,27,0,0,0,2,2,0,0,3,36,0,0,38,0,0,4,14,0,17,19,28,DCovey
7332,6,6,0,0,2,2,0,0,0,36,0,0,35,0,0,5,15,0,19,20,26,BWalston
7494,26,0,0,0,2,2,0,0,3,36,0,0,33,0,0,4,17,0,16,18,40,ROBrien
5513,6,6,0,0,2,2,0,0,0,35,0,0,36,0,0,5,14,0,19,21,31,GMarquez
7988,8,3,0,0,2,2,0,0,0,35,0,0,34,0,0,5,12,0,17,18,30,DVines
8753,25,0,0,0,2,2,0,0,0,35,0,0,33,0,0,5,13,0,16,17,38,AMaldonado
5346,35,0,0,0,2,2,2,0,0,35,0,0,36,0,0,4,13,0,16,18,33,TAntone
8311,29,0,0,0,2,2,2,0,0,35,0,0,35,0,0,5,15,0,17,18,34,KIngram
7345,25,0,0,0,2,2,0,0,3,35,0,0,36,0,0,5,16,0,18,20,35,YRodriguez
6361,32,0,0,0,2,2,0,0,2,35,0,0,36,0,0,5,12,0,17,19,32,TClarke
7698,6,6,0,0,2,2,0,0,0,35,0,0,33,0,0,6,15,0,19,20,33,TMadded
7979,25,0,0,0,2,2,0,0,0,34,0,0,32,0,0,4,11,0,15,16,34,PMushinski
7596,29,0,0,0,2,2,0,0,3,34,0,0,32,0,0,4,14,0,16,17,34,SMartinez
6620,6,6,0,0,2,2,0,0,0,34,0,0,29,0,0,4,13,0,16,17,32,WParsons
4749,11,0,0,0,2,2,0,0,0,34,0,0,39,0,0,4,9,0,19,20,23,TBlach
8405,11,0,0,0,2,2,0,0,0,34,0,0,36,0,0,4,11,0,19,21,23,AMolina
8459,23,0,0,0,2,2,10,0,0,33,0,0,34,0,0,4,14,0,17,19,30,GHartwig
6780,8,3,0,0,2,2,0,0,0,33,0,0,32,0,0,4,13,0,16,18,28,BBielak
7104,11,0,0,0,2,2,0,0,2,33,0,0,30,0,0,3,14,0,15,17,34,KTeng
8763,21,0,0,0,2,2,0,0,2,33,0,0,35,0,0,5,18,0,19,20,37,JSlaten
8410,18,0,0,0,1,2,0,0,2,33,0,0,38,0,0,5,13,0,18,20,31,SPeralta
7391,39,0,0,0,2,2,0,0,5,33,0,0,32,0,0,4,13,0,15,16,32,KNelson
5353,16,0,0,0,2,2,0,0,2,32,0,0,32,0,0,3,10,0,14,16,27,DTate
6550,20,0,0,0,2,2,0,0,0,32,0,0,31,0,0,4,10,0,14,16,32,KAkin
5197,35,0,0,0,2,2,0,0,2,32,0,0,32,0,0,5,14,0,17,18,32,ABellatti
8667,26,0,0,0,1,2,0,0,0,32,0,0,36,0,0,5,13,0,18,20,26,AWillingham
7634,27,0,0,0,2,2,0,0,0,32,0,0,33,0,0,4,12,0,16,17,31,NRobertson
7505,6,6,0,0,2,2,0,0,0,32,0,0,30,0,0,5,16,0,17,19,34,MCanterino
8079,8,3,0,0,2,2,0,0,0,32,0,0,33,0,0,4,12,0,18,19,25,CKilian
6279,6,6,0,0,2,2,0,0,0,32,0,0,30,0,0,4,13,0,16,17,26,JLucchesi
8901,6,6,0,0,2,2,0,0,0,32,0,0,28,0,0,4,14,0,15,17,33,LRoupp
8636,6,6,0,0,1,2,0,0,0,32,0,0,33,0,0,6,12,0,17,18,29,MVasil
8695,8,3,0,0,2,2,0,0,0,32,0,0,31,0,0,5,12,0,17,18,28,JWolf
7535,8,3,0,0,2,2,0,0,0,31,0,0,31,0,0,5,13,0,16,17,31,YGomez
6793,30,0,0,0,2,1,0,0,3,31,0,0,32,0,0,5,12,0,15,16,30,DLee
7857,32,0,0,0,2,2,0,0,3,31,0,0,31,0,0,4,14,0,15,16,30,RKerr
7872,15,0,0,0,2,2,0,0,0,31,0,0,29,0,0,4,16,0,15,16,31,CMorris
8027,5,5,0,0,1,2,0,0,0,31,0,0,35,0,0,6,11,0,20,21,24,MaxCastillo
6087,10,0,0,0,2,2,0,0,0,30,0,0,28,0,0,4,11,0,13,15,30,AFaedo
6875,23,0,0,0,2,2,0,0,2,30,0,0,31,0,0,4,14,0,15,17,29,JDominguez
8055,21,0,0,0,2,2,0,0,0,30,0,0,31,0,0,3,10,0,14,16,30,BWhite
5093,27,0,0,0,2,2,0,0,0,30,0,0,28,0,0,3,13,0,13,14,30,SReidFoley
6671,28,0,0,0,2,2,0,0,0,28,0,0,26,0,0,4,13,0,13,14,30,BBaker
7301,20,0,0,0,1,2,0,0,0,28,0,0,28,0,0,4,14,0,13,15,27,MBaumann
2835,34,0,0,0,2,1,0,0,0,27,0,0,27,0,0,4,15,0,14,15,26,TMatzek
7079,14,0,0,0,1,2,0,0,0,27,0,0,26,0,0,4,12,0,13,14,26,ESmall
8740,20,0,0,0,1,2,0,0,0,27,0,0,27,0,0,4,16,0,14,16,29,KCaceres
8672,11,0,0,0,1,2,0,0,0,26,0,0,25,0,0,3,9,0,11,12,25,AJacob
6841,11,0,0,0,1,2,0,0,0,26,0,0,27,0,0,4,13,0,14,15,21,LPatino
6103,9,0,0,0,1,1,0,0,0,26,0,0,26,0,0,3,8,0,12,13,22,SSanchez
6760,10,0,0,0,1,2,0,0,0,26,0,0,29,0,0,4,8,0,14,15,22,TGilbert
7904,20,0,0,0,1,2,0,0,0,26,0,0,27,0,0,3,12,0,13,14,25,CFaucher
7105,13,0,0,0,1,1,0,0,2,26,0,0,21,0,0,3,16,0,11,12,32,PBerroa
7110,16,0,0,0,1,2,0,0,2,25,0,0,25,0,0,4,12,0,13,14,24,LFrias
8093,19,0,0,0,1,1,0,0,0,25,0,0,25,0,0,4,10,0,12,13,23,RFernandez
7168,22,0,0,0,1,1,0,0,0,25,0,0,26,0,0,3,10,0,12,13,22,YMarte
7499,22,0,0,0,1,2,0,0,0,25,0,0,27,0,0,3,12,0,15,16,24,VVodnik
8411,25,0,0,0,1,2,0,0,0,25,0,0,25,0,0,3,12,0,13,14,25,LRamsey
7879,5,5,0,0,1,2,0,0,0,25,0,0,27,0,0,4,10,0,16,18,21,NDavis
8823,5,5,0,0,1,2,0,0,0,24,0,0,22,0,0,4,11,0,12,13,22,RBergert
2764,30,0,0,0,2,1,0,0,0,24,0,0,22,0,0,3,9,0,10,11,25,DHudson
7287,8,0,0,0,2,1,0,0,0,24,0,0,23,0,0,3,9,0,11,12,24,MGrove
8008,18,0,0,0,1,1,0,0,0,24,0,0,22,0,0,2,11,0,10,11,25,AFelipe
8159,5,5,0,0,1,2,0,0,0,24,0,0,24,0,0,4,14,0,15,16,25,WGonzalez
6962,5,5,0,0,1,2,0,0,0,24,0,0,23,0,0,4,11,0,13,14,22,FTarnok
7779,8,0,0,0,1,2,0,0,0,24,0,0,28,0,0,3,9,0,13,15,18,SWatkins
8762,5,5,0,0,1,2,0,0,0,24,0,0,24,0,0,4,11,0,14,15,23,MParker
8305,18,0,0,0,1,1,0,0,0,24,0,0,23,0,0,3,10,0,11,12,24,THerrin
7625,22,0,0,0,1,1,0,0,0,23,0,0,23,0,0,3,9,0,12,13,23,DHernandez
5953,29,0,0,0,1,1,0,0,2,23,0,0,23,0,0,3,10,0,11,12,24,JTaylor
6889,8,0,0,0,1,1,0,0,0,23,0,0,20,0,0,3,14,0,11,12,26,MKrook
7327,13,0,0,0,1,1,0,0,0,23,0,0,24,0,0,3,10,0,11,12,24,AKelly
7869,27,0,0,0,1,1,0,0,0,23,0,0,23,0,0,3,9,0,11,12,22,DDuarte
8766,20,0,0,0,1,1,0,0,0,23,0,0,25,0,0,4,8,0,12,13,24,CColeman
8423,17,0,0,0,1,1,0,0,0,23,0,0,24,0,0,4,10,0,12,13,24,MChurch
8237,8,0,0,0,1,1,0,0,0,23,0,0,20,0,0,3,10,0,10,11,25,BBrown
7449,9,0,0,0,1,1,0,0,4,23,0,0,23,0,0,3,12,0,13,14,21,KThompson
7659,8,0,0,0,1,1,0,0,1,22,0,0,23,0,0,4,11,0,12,13,22,KNicolas
7528,16,0,0,0,1,1,0,0,0,22,0,0,22,0,0,3,7,0,10,11,21,EBazardo
6936,7,0,0,0,1,1,0,0,0,22,0,0,25,0,0,3,10,0,13,14,22,BMata
6560,7,0,0,0,1,1,0,0,0,22,0,0,24,0,0,4,8,0,12,13,23,SHoward
8319,13,0,0,0,1,1,0,0,0,22,0,0,23,0,0,3,9,0,11,12,20,CLegumina
7585,21,0,0,0,1,1,0,0,0,22,0,0,22,0,0,3,9,0,12,12,21,KOrt
8338,9,0,0,0,1,2,0,0,0,22,0,0,25,0,0,3,7,0,13,14,18,MEnglert
7943,28,0,0,0,1,1,0,0,0,21,0,0,20,0,0,3,8,0,9,10,21,CWhite
8380,13,0,0,0,1,1,0,0,0,21,0,0,20,0,0,3,8,0,10,10,22,TBrigden
7173,20,0,0,0,1,1,0,0,0,21,0,0,22,0,0,3,9,0,11,12,20,CBrogdon
1878,13,0,0,0,1,1,0,0,0,21,0,0,23,0,0,3,5,0,10,11,17,EJRamirez
8334,16,0,0,0,1,1,0,0,2,21,0,0,23,0,0,4,10,0,12,13,21,GZuniga
8070,18,0,0,0,1,1,0,0,0,21,0,0,27,0,0,4,7,0,12,13,23,EReifert
8723,21,0,0,0,1,1,0,0,3,21,0,0,25,0,0,4,7,0,13,14,20,EJustice
8638,3,3,0,0,1,1,0,0,0,21,0,0,22,0,0,4,9,0,12,13,17,PMonteverde
5727,20,0,0,0,1,2,0,0,0,21,0,0,28,0,0,3,10,0,14,16,23,RPint
6191,22,0,0,0,1,1,0,0,0,21,0,0,20,0,0,3,9,0,10,11,21,NPearson
7635,15,0,0,0,1,1,0,0,0,20,0,0,21,0,0,3,8,0,11,11,19,GVarland
7489,13,0,0,0,1,1,0,0,0,20,0,0,23,0,0,3,8,0,11,12,20,RVanasco
7992,18,0,0,0,1,1,0,0,0,20,0,0,19,0,0,3,8,0,9,10,19,NVespi
8441,3,3,0,0,1,1,0,0,0,20,0,0,21,0,0,3,7,0,11,12,16,DDodd
8492,18,0,0,0,1,1,0,0,0,20,0,0,22,0,0,3,9,0,11,12,21,ZBrzykcy
8469,15,0,0,0,1,1,0,0,0,20,0,0,18,0,0,3,8,0,9,9,22,CSmith
8577,3,3,0,0,1,1,0,0,0,20,0,0,18,0,0,3,8,0,11,12,19,SArrighetti
8322,7,0,0,0,1,1,0,0,0,20,0,0,18,0,0,2,9,0,9,10,19,HHarris
6892,15,0,0,0,1,1,0,0,0,20,0,0,19,0,0,3,7,0,10,11,19,VNittoli
6034,17,0,0,0,1,1,0,0,0,20,0,0,19,0,0,3,9,0,10,11,20,MKelly
5869,10,0,0,0,1,1,0,0,0,19,0,0,20,0,0,2,6,0,9,10,17,JStephens
7563,17,0,0,0,1,1,0,0,0,19,0,0,20,0,0,2,7,0,9,10,17,YeDeLosSantos
5127,18,0,0,0,1,1,0,0,0,19,0,0,20,0,0,3,9,0,10,11,20,TDuffey
5839,13,0,0,0,1,1,0,0,0,19,0,0,21,0,0,3,9,0,10,11,19,DAltavilla
5847,26,0,0,0,1,1,0,0,0,19,0,0,19,0,0,3,10,0,10,11,20,JBrentz
5895,20,0,0,0,1,1,0,0,0,19,0,0,19,0,0,3,8,0,9,10,19,TVieira
6714,19,0,0,0,1,1,0,0,0,19,0,0,19,0,0,3,8,0,10,10,20,JQuijada
7691,14,0,0,0,1,1,0,0,0,19,0,0,20,0,0,2,6,0,10,10,17,AWarren
8765,9,0,0,0,1,1,0,0,0,19,0,0,18,0,0,2,8,0,8,9,17,SKolek
7144,13,0,0,0,1,1,0,0,0,18,0,0,18,0,0,2,7,0,9,10,18,YRamirez
8434,3,3,0,0,1,1,0,0,0,18,0,0,19,0,0,3,7,0,10,11,15,SRobberse
8855,3,3,0,0,1,1,0,0,0,18,0,0,20,0,0,3,8,0,12,13,16,JRock
5114,12,0,0,0,1,1,0,0,0,18,0,0,19,0,0,2,6,0,9,9,15,LOrtiz
8204,3,3,0,0,1,1,0,0,0,18,0,0,17,0,0,3,6,0,9,10,14,GGraceffo
7614,3,3,0,0,1,1,0,0,0,18,0,0,18,0,0,2,8,0,10,11,15,AKloffenstein
8621,3,3,0,0,1,1,0,0,0,18,0,0,19,0,0,3,6,0,9,10,18,JMisiorowski
8746,6,0,0,0,1,1,0,0,0,17,0,0,18,0,0,2,6,0,9,9,17,KMontero
8300,6,0,0,0,1,1,0,0,0,17,0,0,18,0,0,2,9,0,9,10,16,RMunoz
6385,18,0,0,0,1,1,0,0,0,17,0,0,18,0,0,3,6,0,10,10,17,TWingenter
8653,3,3,0,0,1,1,0,0,0,17,0,0,18,0,0,3,8,0,10,10,17,CHampton
6502,12,0,0,0,1,1,0,0,0,17,0,0,20,0,0,3,8,0,10,11,17,TSantillan
6947,3,3,0,0,1,1,0,0,0,17,0,0,17,0,0,3,9,0,10,11,18,JLeiter
7302,3,3,0,0,1,1,0,0,0,17,0,0,14,0,0,2,5,0,7,8,18,LGarcia
5479,16,0,0,0,1,1,0,0,0,17,0,0,19,0,0,3,6,0,10,11,14,MKoch
8703,15,0,0,0,1,1,0,0,0,16,0,0,16,0,0,3,7,0,8,9,18,JLeasure
7032,14,0,0,0,1,1,0,0,0,16,0,0,18,0,0,3,7,0,9,10,15,JBarlow
8253,5,0,0,0,1,1,0,0,0,16,0,0,15,0,0,2,5,0,7,7,15,NFrasso
7437,3,3,0,0,1,1,0,0,0,16,0,0,15,0,0,2,5,0,7,8,14,LKnack
6078,3,3,0,0,1,1,0,0,0,16,0,0,15,0,0,2,8,0,8,9,14,IAnderson
7518,3,3,0,0,1,1,0,0,0,16,0,0,16,0,0,2,8,0,9,10,15,LRichardson
7510,5,0,0,0,1,1,0,0,0,16,0,0,17,0,0,3,6,0,8,9,14,JHeasley
8391,3,3,0,0,1,1,0,0,0,16,0,0,16,0,0,3,10,0,9,10,18,GMcGarry
7426,7,0,0,0,1,1,0,0,0,16,0,0,17,0,0,2,7,0,9,10,13,TCate
6799,3,3,0,0,1,1,0,0,0,16,0,0,17,0,0,3,5,0,9,10,13,JScholtens
8734,5,0,0,0,1,1,0,0,0,16,0,0,16,0,0,2,6,0,8,9,15,AVeneziano
6297,6,0,0,0,1,1,0,0,0,16,0,0,17,0,0,2,5,0,8,9,12,JBarria
7815,5,0,0,0,1,1,0,0,0,16,0,0,16,0,0,2,7,0,8,9,14,AOller
8752,11,0,0,0,1,1,0,0,0,16,0,0,17,0,0,2,9,0,9,10,17,WKlein
7855,5,0,0,0,1,1,0,0,0,16,0,0,17,0,0,2,6,0,9,9,13,AMartinez
8693,5,0,0,0,1,1,0,0,0,15,0,0,15,0,0,2,4,0,7,7,13,AWinans
7486,8,0,0,0,1,1,0,0,0,15,0,0,14,0,0,2,7,0,7,7,15,CPoteet
8425,12,0,0,0,1,1,0,0,0,15,0,0,16,0,0,2,6,0,8,8,16,CLee
5206,18,0,0,0,1,1,0,0,0,15,0,0,16,0,0,2,6,0,8,8,14,MBowman
6298,14,0,0,0,1,1,0,0,0,15,0,0,15,0,0,2,7,0,8,8,15,DSantana
5739,17,0,0,0,1,1,0,0,0,15,0,0,15,0,0,2,8,0,8,9,16,JStaumont
6114,14,0,0,0,1,1,0,0,0,15,0,0,16,0,0,2,5,0,7,8,13,JBukauskas
5707,12,0,0,0,1,1,0,0,0,15,0,0,15,0,0,2,6,0,7,8,16,BHudson
7249,14,0,0,0,1,1,0,0,0,15,0,0,15,0,0,2,7,0,7,8,15,CAndrews
7236,15,0,0,0,1,1,0,0,0,15,0,0,17,0,0,2,7,0,8,9,15,AMisiewicz
6988,5,0,0,0,1,1,0,0,0,15,0,0,14,0,0,2,5,0,7,7,13,BAshcraft
6065,5,0,0,0,1,1,0,0,0,15,0,0,17,0,0,2,6,0,7,8,16,FWhitley
7838,15,0,0,0,1,1,0,0,3,15,0,0,14,0,0,2,9,0,8,8,17,DColeman
7912,13,0,0,0,1,1,0,0,0,15,0,0,15,0,0,2,7,0,8,8,14,MGage
7395,5,0,0,0,1,1,0,0,0,15,0,0,17,0,0,2,7,0,8,8,16,SDubin
7590,12,0,0,0,1,1,0,0,0,15,0,0,14,0,0,2,6,0,6,7,14,TNance
7640,5,0,0,0,1,1,0,0,0,15,0,0,13,0,0,2,6,0,7,7,15,GOtto
5832,16,0,0,0,1,1,0,0,0,15,0,0,15,0,0,2,4,0,8,8,14,BHeller
8246,9,0,0,0,1,1,0,0,0,15,0,0,15,0,0,3,11,0,9,10,17,CSanders
7415,14,0,0,0,1,1,0,0,0,15,0,0,15,0,0,2,6,0,7,8,14,ICampbell
8460,7,0,0,0,1,1,0,0,0,15,0,0,14,0,0,2,6,0,7,7,15,JWalker
8658,16,0,0,0,1,1,0,0,0,15,0,0,14,0,0,2,5,0,7,7,14,TAdcock
8652,12,0,0,0,1,1,0,0,0,15,0,0,18,0,0,2,5,0,8,9,13,JJacques
5006,8,0,0,0,1,1,0,0,0,15,0,0,15,0,0,2,5,0,7,8,14,AVoth
7530,14,0,0,0,1,1,0,0,0,15,0,0,18,0,0,2,6,0,8,9,13,CVargas
5891,12,0,0,0,1,1,0,0,0,14,0,0,14,0,0,2,6,0,7,8,14,JRuiz
8198,9,0,0,0,1,1,0,0,0,14,0,0,16,0,0,2,6,0,8,8,15,MMoore
8215,14,0,0,0,1,1,0,0,0,14,0,0,14,0,0,2,5,0,7,8,14,PStrzelecki
6311,15,0,0,0,1,1,0,0,0,14,0,0,17,0,0,2,6,0,8,8,14,JCastillo
7882,13,0,0,0,1,1,0,0,0,14,0,0,16,0,0,2,7,0,8,8,11,CSnider
8299,15,0,0,0,1,1,0,0,0,14,0,0,16,0,0,2,8,0,8,9,15,JMartinez
7900,9,0,0,0,1,1,0,0,0,14,0,0,15,0,0,2,8,0,8,8,14,RRodriguez
8238,15,0,0,0,1,1,0,0,0,14,0,0,16,0,0,2,7,0,8,9,14,RDabovich
8362,8,0,0,0,1,1,0,0,0,14,0,0,16,0,0,2,6,0,8,8,13,RLoutos
6190,10,0,0,0,1,1,0,0,0,14,0,0,15,0,0,2,6,0,7,8,13,BLittle
6032,6,0,0,0,1,1,0,0,0,10,0,0,10,0,0,1,3,0,5,5,10,TClifton
7502,3,0,0,0,1,1,0,0,0,10,0,0,10,0,0,2,3,0,5,5,11,BFrancis
5286,10,0,0,0,1,1,0,0,0,10,0,0,11,0,0,2,5,0,5,6,10,HDanner
6634,9,0,0,0,0,1,0,0,0,10,0,0,12,0,0,1,4,0,5,6,9,ZPop